---
build/fonts/fontawesome-webfont.svg: 2015-01-28 10:22:31.990684206 -03:00
build/fonts/bootstrap/glyphicons-halflings-regular.svg: 2015-01-28 10:22:31.502684219
  -03:00
build/img/logo.png: 2015-01-28 10:06:34.698709300 -03:00
build/img/carousel/1.jpg: 2015-01-28 10:06:30.462709411 -03:00
build/img/carousel/2.jpg: 2015-01-28 10:06:31.058709395 -03:00
build/img/clients/savioke.png: 2015-01-28 10:06:33.102709341 -03:00
build/img/clients/yujinrobot.png: 2015-01-28 10:06:31.618709380 -03:00
build/img/clients/qq.png: 2015-01-28 10:06:31.610709381 -03:00
