---
build/fonts/fontawesome-webfont.svg: 2015-01-30 10:40:45.134524214 -03:00
build/fonts/bootstrap/glyphicons-halflings-regular.svg: 2015-01-30 10:40:44.818524222
  -03:00
build/img/team/juli.jpg: 2015-01-30 10:39:09.202526729 -03:00
build/img/team/gui.jpg: 2015-01-30 10:39:09.198526729 -03:00
build/img/team/santi.jpg: 2015-01-30 10:39:09.250526727 -03:00
build/img/team/lu.jpg: 2015-01-30 10:39:09.254526727 -03:00
build/img/team/ivan.jpg: 2015-01-30 10:39:09.306526726 -03:00
build/img/team/ashi.jpg: 2015-01-30 10:39:09.310526726 -03:00
build/img/team/gary.jpg: 2015-01-30 10:39:09.350526725 -03:00
build/img/logo.png: 2015-01-29 11:06:19.805181429 -03:00
build/img/logo_white.png: 2015-01-28 11:07:36.098613324 -03:00
build/img/carousel/1.jpg: 2015-01-29 10:35:13.489230351 -03:00
build/img/carousel/2.jpg: 2015-01-29 10:35:13.593230348 -03:00
build/img/clients/savioke.png: 2015-01-28 10:06:33.102709341 -03:00
build/img/clients/yujinrobot.png: 2015-01-28 10:06:31.618709380 -03:00
build/img/clients/qq.png: 2015-01-28 10:06:31.610709381 -03:00
