---
build/fonts/fontawesome-webfont.svg: 2015-01-26 12:04:58.519366955 -03:00
build/fonts/bootstrap/glyphicons-halflings-regular.svg: 2015-01-26 12:04:57.823366989
  -03:00
build/img/logo-1667f633.png: 2015-01-26 12:05:00.535366859 -03:00
