---
build/fonts/fontawesome-webfont.svg: 2015-01-28 10:02:13.258716153 -03:00
build/fonts/bootstrap/glyphicons-halflings-regular.svg: 2015-01-28 10:02:12.734716166
  -03:00
build/img/logo-1667f633.png: 2015-01-28 09:52:12.354731904 -03:00
build/img/carousel/1-f3a14466.jpg: 2015-01-28 09:52:08.826731997 -03:00
build/img/carousel/2-1270c5de.jpg: 2015-01-28 09:52:09.314731984 -03:00
build/img/clients/yujinrobot-5c4dd4d1.png: 2015-01-28 09:52:09.642731975 -03:00
build/img/clients/savioke-4982a0fd.png: 2015-01-28 09:52:11.158731936 -03:00
build/img/clients/qq-cc568e66.png: 2015-01-28 09:52:09.902731968 -03:00
