---
build/fonts/fontawesome-webfont.svg: 2015-01-27 11:32:24.060850890 -03:00
build/fonts/bootstrap/glyphicons-halflings-regular.svg: 2015-01-27 11:32:23.580850902
  -03:00
build/img/logo-1667f633.png: 2015-01-26 12:05:00.535366859 -03:00
build/img/carousel/1-f3a14466.jpg: 2015-01-27 11:01:44.352899114 -03:00
build/img/carousel/2-1270c5de.jpg: 2015-01-27 11:01:44.424899112 -03:00
build/img/clients/yujinrobot-5c4dd4d1.png: 2015-01-27 11:01:44.948899098 -03:00
build/img/clients/savioke-4982a0fd.png: 2015-01-27 11:01:46.128899067 -03:00
build/img/clients/qq-cc568e66.png: 2015-01-27 11:01:44.660899106 -03:00
